50
565
35

1000

152 65 237 3 8 106 92 122 30 173 11 130 122 64 216 107 82 208 45 4 16 114 223 5 172 226 6 62 10 176 224 6 226 211 38 132 44 76 40 24 180 214 73 223 238 40 111 23 195 75 38 150 164 221 10 3 2 208 218 129 36 25 37 60 109 19 22 73 23 32 122 99 206 9 46 44 91 110 9 66 90 32 45 17 4 177 212 11 115 177 224 53 21 122 107 128 23 29 213 24 21 210 22 32 21 46 55 20 214 166 37 82 31 140 52 160 6 3 3 20 6 91 81 46 197 204 93 28 228 24 137 91 178 65 17 245 112 94 43 5 7 155 17 178 154 233 28 23 188 14 50 45 37 139 29 24 13 92 138 21 133 180 46 51 226 137 209 38 86 91 186 12 13 116 139 218 59 237 147 2 61 6 6 110 87 187 73 179 94 113 76 22 58 77 202 67 130 103 77 137 197 127 81 208 26 6 21 30 147 49 144 45 113 245 124 1 37 178 174 121 20 78 17 11 222 183 74 164 79 19 40 113 24 69 194 113 54 23 133 121 32 106 185 22 3 6 145 169 123 86 100 92 19 244 4 3 3 7 80 141 63 198 69 161 36 39 142 2 31 13 11 2 8 241 124 45 155 200 144 11 77 111 87 3 113 83 63 77 164 60 10 105 36 55 7 2 19 188 32 169 41 93 152 63 19 26 118 42 10 18 9 2 5 12 220 215 131 40 144 39 43 87 67 11 178 47 113 159 163 131 143 2 39 13 7 211 219 37 167 197 135 20 4 110 102 42 92 153 79 100 48 194 32 46 126 59 20 41 145 3 49 197 30 23 194 3 102 64 240 244 187 8 195 6 6 25 17 149 204 138 129 108 172 16 40 10 33 86 129 8 114 22 93 186 30 33 163 97 16 15 45 125 173 29 27 25 162 75 51 75 157 7 12 35 52 28 150 19 43 195 199 33 40 166 54 9 8 70 241 10 34 181 147 64 9 148 56 10 13 12 80 102 210 162 162 238 34 10 107 28 25 236 104 136 64 4 9 23 245 18 7 94 39 211 148 28 25 179 68 30 133 18 6 14 30 151 148 24 59 83 161 146 71 83 44 229 146 77 139 167 49 108 65 3 14 154 3 33 186 113 148 244 75 22 9 11 72 120 30 242 50 21 21 131 208 13 64 3 4 4 17 193 238 31 6 227 54 91 39 41 7 70 241 49 158 21 72 81 222 49 78 23 120 168 51 32 79 241 102 164 7 6 3 20 97 121 152 162 36 35 46 40 170 113 28 

7 83 90 92 101 105 330 501 513 522 538 551 
3 16 143 182 224 237 259 260 267 289 309 316 327 341 349 374 375 414 438 531 539 
13 22 25 41 69 74 85 98 178 184 257 274 297 310 329 382 384 389 416 428 472 473 483 494 507 558 
0 11 20 39 128 137 138 170 180 194 234 388 418 440 453 458 479 518 
1 5 71 73 125 165 195 348 356 370 424 425 448 498 
33 54 62 72 93 106 111 251 301 324 342 353 372 412 421 446 510 530 
10 42 91 103 114 115 162 191 211 219 236 247 285 306 335 359 463 532 534 545 
58 64 181 186 223 241 261 280 358 368 442 455 561 
79 95 113 123 133 164 202 214 246 315 326 334 350 409 441 445 468 537 564 
48 63 166 238 239 243 304 346 373 474 481 486 520 
12 36 60 233 262 277 279 284 347 363 376 435 493 524 528 562 
9 40 77 81 108 130 144 174 220 270 275 378 408 457 471 492 
34 51 118 135 158 185 209 226 266 405 411 454 460 465 489 
21 121 187 201 232 254 265 360 526 
55 107 140 142 159 196 200 253 263 318 451 477 504 525 546 
17 94 172 176 217 227 302 307 317 323 394 396 404 450 
8 27 57 68 99 104 126 242 271 282 295 339 365 466 495 560 
29 44 45 50 65 80 155 173 188 228 248 258 303 308 320 432 444 478 515 536 541 
30 52 119 124 127 148 244 293 313 386 419 430 436 437 470 482 511 544 549 550 552 
18 35 84 129 146 168 189 192 205 212 249 256 281 286 314 387 415 417 456 488 490 502 508 509 517 
4 82 102 136 145 163 288 332 361 381 443 447 449 475 523 543 
76 97 152 210 215 235 269 292 397 459 487 535 556 
2 6 19 110 112 116 229 321 325 336 377 399 434 476 496 557 
161 207 216 252 352 367 380 422 429 467 521 563 
100 122 160 169 197 222 245 250 255 300 311 328 343 345 364 383 395 398 484 533 
61 183 230 240 294 331 354 390 400 462 500 506 
86 141 151 175 208 221 268 337 407 452 547 548 
23 131 190 273 333 340 369 379 431 519 540 
49 150 157 225 272 276 366 385 391 464 503 505 512 555 
59 66 67 78 87 153 167 203 287 298 305 355 401 433 469 529 
24 28 47 88 177 264 278 283 403 410 439 485 499 553 
38 53 120 132 149 204 231 290 296 344 362 406 427 491 497 516 542 
46 70 117 139 312 322 413 527 554 559 
43 56 89 134 147 171 179 193 198 199 206 291 319 338 351 357 393 420 423 461 514 
14 15 26 31 32 37 75 96 109 154 156 213 218 299 371 392 402 426 480 
