10
89
9

300

28 65 75 41 39 2 41 42 29 55 48 38 33 16 20 11 42 25 62 50 36 19 40 10 5 11 43 15 4 41 15 23 67 41 43 11 45 36 46 12 71 70 27 69 47 6 3 43 13 8 48 27 63 1 52 16 73 5 29 15 7 8 24 38 34 46 35 37 31 4 26 41 42 31 57 47 54 22 42 4 25 44 30 68 4 32 39 25 22 

12 16 25 63 85 
9 10 21 46 47 48 54 72 76 86 
7 18 19 27 28 33 34 37 39 55 58 75 77 79 84 
8 32 40 43 44 49 50 69 74 78 
4 22 23 52 
3 13 30 45 53 60 61 62 80 
1 56 57 59 66 81 87 88 
14 17 20 26 41 64 65 67 68 70 73 
0 2 5 6 11 15 24 29 31 35 36 38 42 51 71 82 83 
