10
88
9

300

51 32 24 23 18 48 52 42 36 18 65 41 4 2 68 18 7 29 3 47 37 40 57 35 11 36 26 11 40 54 14 19 72 38 36 14 6 49 65 29 68 45 10 25 32 47 24 69 33 45 23 6 20 33 34 4 29 24 11 48 75 39 15 15 35 45 58 38 3 20 3 63 31 5 50 25 73 65 51 17 65 20 65 27 24 65 3 8 

0 2 4 30 40 45 48 49 50 51 66 70 73 
16 25 28 29 33 43 54 71 75 81 83 
6 9 10 12 15 17 20 23 42 44 47 62 74 
46 53 59 63 68 78 
27 34 38 56 67 69 77 80 84 
22 35 39 41 65 86 
1 5 11 13 55 82 
3 18 19 26 32 36 37 60 64 72 76 79 85 87 
7 8 14 21 24 31 52 57 58 61 
